1.5	1.94	79	0
1.94	2.38	76	0
2.38	3.14	72	0
3.14	3.89	76	0
3.89	4.62	79	0
4.62	6.15	84	0
6.15	6.7125	88	0
6.7125	6.9	86	0
6.9	7.66	84	0
7.66	8.38	76	0
8.38	9.18	78	0
9.18	9.94	79	0
10.78	11.18	79	0
11.18	11.58	79	0
11.58	12.66	88	0
12.66	13.06	86	0
13.06	13.86	84	0
13.86	15.06	83	0
15.46	15.860000000000001	81	0
15.860000000000001	16.26	83	0
16.26	17.02	84	0
17.02	17.82	84	0
17.82	18.66	79	0
18.66	19.5	76	0
19.5	20.38	72	0
21.26	21.68	79	0
21.68	22.1	76	0
22.1	22.86	72	0
22.86	23.58	76	0
23.58	24.42	79	0
24.42	25.560000000000002	84	0
25.98	26.580000000000002	88	0
26.580000000000002	26.78	86	0
26.78	27.58	84	0
27.58	28.3	76	0
28.3	29.06	78	0
29.06	30.259999999999998	79	0
30.66	31.060000000000002	79	0
31.060000000000002	31.46	79	0
31.46	32.620000000000005	88	0
32.620000000000005	33.02	86	0
33.02	33.82	84	0
33.82	35.019999999999996	83	0
35.42	35.84	81	0
35.84	36.26	83	0
36.26	37.06	84	0
37.06	37.9	84	0
37.9	38.74	79	0
38.74	39.5	76	0
39.5	40.599999999999994	72	0
41.74	42.16	88	0
42.16	42.58	88	0
42.58	43.3	88	0
43.3	44.02	89	0
44.02	44.66	91	0
44.66	45.760000000000005	91	0
46.14	46.519999999999996	89	0
46.519999999999996	46.9	88	0
46.9	47.54	86	0
47.54	48.18	88	0
48.18	48.5	89	0
48.5	49.14	89	0
49.14	49.78	89	0
50.1	50.260000000000005	89	0
50.42	51.06	89	0
51.06	52.02	88	0
52.02	52.66	86	0
52.66	52.98	86	0
52.98	53.62	84	0
53.94	54.9	83	0
55.86	56.18	81	0
56.18	56.5	83	0
56.5	57.14	84	0
57.14	58.1	76	0
58.1	59.06	78	0
59.06	59.7	79	0
