1.5	1.94	79
1.94	2.38	76
2.38	3.14	72
3.14	3.89	76
3.89	4.62	79
4.62	6.15	84
6.15	6.7125	88
6.7125	6.9	86
6.9	7.66	84
7.66	8.38	76
8.38	9.18	78
9.18	9.94	79
10.78	11.18	79
11.18	11.58	79
11.58	12.66	88
12.66	13.06	86
13.06	13.86	84
13.86	15.06	83
15.46	15.860000000000001	81
15.860000000000001	16.26	83
16.26	17.02	84
17.02	17.82	84
17.82	18.66	79
18.66	19.5	76
19.5	20.38	72
21.26	21.68	79
21.68	22.1	76
22.1	22.86	72
22.86	23.58	76
23.58	24.42	79
24.42	25.560000000000002	84
25.98	26.580000000000002	88
26.580000000000002	26.78	86
26.78	27.58	84
27.58	28.3	76
28.3	29.06	78
29.06	30.259999999999998	79
30.66	31.060000000000002	79
31.060000000000002	31.46	79
31.46	32.620000000000005	88
32.620000000000005	33.02	86
33.02	33.82	84
33.82	35.019999999999996	83
35.42	35.84	81
35.84	36.26	83
36.26	37.06	84
37.06	37.9	84
37.9	38.74	79
38.74	39.5	76
39.5	40.599999999999994	72
41.74	42.16	88
42.16	42.58	88
42.58	43.3	88
43.3	44.02	89
44.02	44.66	91
44.66	45.760000000000005	91
46.14	46.519999999999996	89
46.519999999999996	46.9	88
46.9	47.54	86
47.54	48.18	88
48.18	48.5	89
48.5	49.14	89
49.14	49.78	89
50.1	50.260000000000005	89
50.42	51.06	89
51.06	52.02	88
52.02	52.66	86
52.66	52.98	86
52.98	53.62	84
53.94	54.9	83
55.86	56.18	81
56.18	56.5	83
56.5	57.14	84
57.14	58.1	76
58.1	59.06	78
59.06	59.7	79
