0.0	2	4	4
0.72	3	4	4
1.48	4	4	4
2.32	1	4	4
3.12	2	4	4
3.84	3	4	4
4.56	4	4	4
5.32	1	4	4
6.12	2	4	4
6.84	3	4	4
7.6	4	4	4
8.32	1	4	4
9.08	2	4	4
9.88	3	4	4
10.68	4	4	4
11.48	1	4	4
12.24	2	4	4
13.0	3	4	4
13.8	4	4	4
14.6	1	4	4
15.4	2	4	4
16.2	3	4	4
17.0	4	4	4
17.8	1	4	4
18.6	2	4	4
19.44	3	4	4
20.32	4	4	4
21.2	1	4	4
22.04	2	4	4
22.84	3	4	4
23.56	4	4	4
24.28	1	4	4
25.08	2	4	4
25.84	3	4	4
26.68	4	4	4
27.44	1	4	4
28.24	2	4	4
29.0	3	4	4
29.84	4	4	4
30.6	1	4	4
31.44	2	4	4
32.2	3	4	4
33.0	4	4	4
33.8	1	4	4
34.6	2	4	4
35.4	3	4	4
36.24	4	4	4
37.0	1	4	4
37.84	2	4	4
38.64	3	4	4
39.48	4	4	4
40.2	1	4	4
40.92	2	4	4
41.68	3	4	4
42.44	4	4	4
43.24	1	4	4
43.96	2	4	4
44.68	3	4	4
45.52	4	4	4
46.28	1	4	4
47.12	2	4	4
47.8	3	4	4
48.4	4	4	4
49.04	1	4	4
49.84	2	4	4
50.64	3	4	4
51.44	4	4	4
52.24	1	4	4
52.88	2	4	4
53.52	3	4	4
54.16	4	4	4
54.8	1	4	4
55.52	2	4	4
56.24	3	4	4
56.96	4	4	4
57.84	1	4	4
58.72	2	4	4
59.48	3	4	4
60.2	4	4	4
60.84	1	4	4
61.48	2	4	4
62.16	3	4	4
62.84	4	4	4
63.44	1	4	4
64.08	2	4	4
64.72	3	4	4
65.36	4	4	4
66.0	1	4	4
66.64	2	4	4
67.28	3	4	4
67.92	4	4	4
68.56	1	4	4
69.2	2	4	4
69.84	3	4	4
70.48	4	4	4
71.12	1	4	4
71.76	2	4	4
72.4	3	4	4
73.04	4	4	4
73.68	1	4	4
74.32	2	4	4
74.96	3	4	4
75.6	4	4	4
76.24	1	4	4
76.88	2	4	4
77.52	3	4	4
78.16	4	4	4
78.8	1	4	4
79.44	2	4	4
80.08	3	4	4
80.72	4	4	4
81.36	1	4	4
82.0	2	4	4
82.64	3	4	4
83.28	4	4	4
83.92	1	4	4
84.56	2	4	4
85.2	3	4	4
85.84	4	4	4
86.48	1	4	4
87.12	2	4	4
87.76	3	4	4
88.4	4	4	4
89.04	1	4	4
89.68	2	4	4
90.32	3	4	4
90.96	4	4	4
91.6	1	4	4
92.24	2	4	4
92.88	3	4	4
93.52	4	4	4
94.16	1	4	4
94.8	2	4	4
95.44	3	4	4
96.08	4	4	4
96.72	1	4	4
97.36	2	4	4
98.0	3	4	4
98.64	4	4	4
99.28	1	4	4
99.92	2	4	4
100.56	3	4	4
101.2	4	4	4
101.92	1	4	4
102.64	2	4	4
103.36	3	4	4
104.08	4	4	4
104.8	1	4	4
105.52	2	4	4
106.24	3	4	4
106.96	4	4	4
107.68	1	4	4
108.4	2	4	4
109.12	3	4	4
109.84	4	4	4
110.56	1	4	4
111.28	2	4	4
112.0	3	4	4
112.72	4	4	4
113.44	1	4	4
114.16	2	4	4
114.88	3	4	4
115.6	4	4	4
116.32	1	4	4
117.04	2	4	4
117.76	3	4	4
118.48	4	4	4
119.2	1	4	4
119.92	2	4	4
120.64	3	4	4
121.36	4	4	4
122.08	1	4	4
122.8	2	4	4
123.52	3	4	4
124.24	4	4	4
124.96	1	4	4
125.68	2	4	4
126.4	3	4	4
127.12	4	4	4
127.84	1	4	4
128.56	2	4	4
129.28	3	4	4
130.0	4	4	4
130.72	1	4	4
131.44	2	4	4
132.16	3	4	4
132.88	4	4	4
133.6	1	4	4
134.32	2	4	4
135.04	3	4	4
135.76	4	4	4
136.48	1	4	4
137.2	2	4	4
137.92	3	4	4
138.64	4	4	4
139.36	1	4	4
140.08	2	4	4
140.8	3	4	4
141.52	4	4	4
142.24	1	4	4
142.96	2	4	4
143.68	3	4	4
144.4	4	4	4
145.12	1	4	4
145.84	2	4	4
146.56	3	4	4
147.28	4	4	4
148.0	1	4	4
148.72	2	4	4
149.44	3	4	4
150.16	4	4	4
150.88	1	4	4
151.6	2	4	4
152.32	3	4	4
153.04	4	4	4
153.76	1	4	4
154.48	2	4	4
155.2	3	4	4
155.92	4	4	4
156.64	1	4	4
157.36	2	4	4
158.08	3	4	4
158.8	4	4	4
159.52	1	4	4
160.24	2	4	4
160.96	3	4	4
161.68	4	4	4
162.4	1	4	4
163.12	2	4	4
163.84	3	4	4
164.56	4	4	4
165.28	1	4	4
166.0	2	4	4
166.72	3	4	4
167.44	4	4	4
168.16	1	4	4
168.88	2	4	4
169.6	3	4	4
170.32	4	4	4
171.04	1	4	4
171.76	2	4	4
172.48	3	4	4
173.2	4	4	4
173.92	1	4	4
174.64	2	4	4
175.36	3	4	4
176.08	4	4	4
176.8	1	4	4
177.52	2	4	4
178.24	3	4	4
178.96	4	4	4
179.68	1	4	4
180.4	2	4	4
181.12	3	4	4
181.84	4	4	4
182.56	1	4	4
183.28	2	4	4
184.0	3	4	4
184.72	4	4	4
185.44	1	4	4
186.16	2	4	4
186.88	3	4	4
187.6	4	4	4
188.32	1	4	4
189.04	2	4	4
189.76	3	4	4
190.48	4	4	4
191.2	1	4	4
191.92	2	4	4
192.64	3	4	4
193.36	4	4	4
194.08	1	4	4
194.8	2	4	4
195.68	3	4	4
196.4	4	4	4
197.12	1	4	4
197.84	2	4	4
198.56	3	4	4
199.28	4	4	4
200.0	1	4	4
200.72	2	4	4
201.44	3	4	4
202.16	4	4	4
202.88	1	4	4
203.6	2	4	4
204.32	3	4	4
205.04	4	4	4
205.76	1	4	4
206.48	2	4	4
207.2	3	4	4
207.92	4	4	4
208.64	1	4	4
209.35999999999999	2	4	4
210.07999999999998	3	4	4
210.79999999999998	4	4	4
211.51999999999998	1	4	4
212.23999999999998	2	4	4
212.95999999999998	3	4	4
213.67999999999998	4	4	4
214.39999999999998	1	4	4
215.11999999999998	2	4	4
215.83999999999997	3	4	4
216.56	4	4	4
217.28	1	4	4
218.0	2	4	4
218.72	3	4	4
219.44	4	4	4
220.16	1	4	4
220.88	2	4	4
221.6	3	4	4
222.32	4	4	4
223.04	1	4	4
223.76	2	4	4
224.48	3	4	4
225.2	4	4	4
225.92	1	4	4
226.64	2	4	4
227.35999999999999	3	4	4
228.07999999999998	4	4	4
228.79999999999998	1	4	4
229.51999999999998	2	4	4
230.23999999999998	3	4	4
230.95999999999998	4	4	4
231.67999999999998	1	4	4
232.39999999999998	2	4	4
233.11999999999998	3	4	4
233.83999999999997	4	4	4
234.56	1	4	4
235.28	2	4	4
236.0	3	4	4
236.72	4	4	4
237.44	1	4	4
238.16	2	4	4
238.88	3	4	4
239.6	4	4	4
240.32	1	4	4
241.04	2	4	4
241.76	3	4	4
242.48	4	4	4
243.2	1	4	4
243.92	2	4	4
244.64	3	4	4
245.35999999999999	4	4	4
246.07999999999998	1	4	4
246.79999999999998	2	4	4
247.51999999999998	3	4	4
248.23999999999998	4	4	4
248.95999999999998	1	4	4
249.67999999999998	2	4	4
250.39999999999998	3	4	4
251.11999999999998	4	4	4
251.83999999999997	1	4	4
252.56	2	4	4
253.28	3	4	4
254.0	4	4	4
254.72	1	4	4
255.44	2	4	4
256.15999999999997	3	4	4
256.88	4	4	4
257.6	1	4	4
258.32	2	4	4
259.03999999999996	3	4	4
259.76	4	4	4
260.48	1	4	4
261.2	2	4	4
261.91999999999996	3	4	4
262.64	4	4	4
263.36	1	4	4
264.08	2	4	4
264.79999999999995	3	4	4
265.52	4	4	4
266.24	1	4	4
266.96	2	4	4
267.67999999999995	3	4	4
268.44	4	4	4
269.15999999999997	1	4	4
269.88	2	4	4
270.6	3	4	4
271.32	4	4	4
272.03999999999996	1	4	4
272.76	2	4	4
273.48	3	4	4
274.2	4	4	4
274.91999999999996	1	4	4
275.64	2	4	4
276.36	3	4	4
277.08	4	4	4
277.79999999999995	1	4	4
278.52	2	4	4
279.24	3	4	4
279.96	4	4	4
280.67999999999995	1	4	4
281.4	2	4	4
282.12	3	4	4
282.84	4	4	4
283.56	1	4	4
284.28	2	4	4
285.0	3	4	4
285.72	4	4	4
286.44	1	4	4
287.15999999999997	2	4	4
287.88	3	4	4
288.6	4	4	4
289.32	1	4	4
290.03999999999996	2	4	4
290.76	3	4	4
291.48	4	4	4
292.2	1	4	4
292.91999999999996	2	4	4
293.64	3	4	4
294.36	4	4	4
295.08	1	4	4
295.79999999999995	2	4	4
296.52	3	4	4
297.24	4	4	4
297.96	1	4	4
298.67999999999995	2	4	4
299.4	3	4	4
300.12	4	4	4
300.84	1	4	4
301.56	2	4	4
302.28	3	4	4
303.0	4	4	4
303.72	1	4	4
304.44	2	4	4
305.15999999999997	3	4	4
305.88	4	4	4
306.6	1	4	4
307.32	2	4	4
308.03999999999996	3	4	4
308.76	4	4	4
309.48	1	4	4
310.2	2	4	4
310.91999999999996	3	4	4
311.64	4	4	4
312.36	1	4	4
313.08	2	4	4
313.79999999999995	3	4	4
314.52	4	4	4
315.24	1	4	4
315.96	2	4	4
316.68	3	4	4
317.4	4	4	4
318.12	1	4	4
318.84	2	4	4
319.56	3	4	4
320.28	4	4	4
321.0	1	4	4
321.71999999999997	2	4	4
322.44	3	4	4
323.15999999999997	4	4	4
323.88	1	4	4
324.59999999999997	2	4	4
325.32	3	4	4
326.03999999999996	4	4	4
326.76	1	4	4
327.47999999999996	2	4	4
328.2	3	4	4
328.92	4	4	4
329.64	1	4	4
330.36	2	4	4
331.08	3	4	4
331.8	4	4	4
332.52	1	4	4
333.24	2	4	4
333.96	3	4	4
334.68	4	4	4
335.4	1	4	4
336.12	2	4	4
336.84	3	4	4
337.56	4	4	4
338.28	1	4	4
339.0	2	4	4
339.71999999999997	3	4	4
340.44	4	4	4
341.15999999999997	1	4	4
341.88	2	4	4
342.59999999999997	3	4	4
343.32	4	4	4
344.03999999999996	1	4	4
344.76	2	4	4
345.47999999999996	3	4	4
346.2	4	4	4
346.92	1	4	4
347.64	2	4	4
348.36	3	4	4
349.08	4	4	4
349.8	1	4	4
350.52	2	4	4
351.24	3	4	4
351.96	4	4	4
352.68	1	4	4
353.4	2	4	4
354.12	3	4	4
354.84	4	4	4
355.56	1	4	4
356.28	2	4	4
357.0	3	4	4
357.72	4	4	4
358.44000000000005	1	4	4
