2.32
5.32
8.32
11.48
14.6
17.8
21.2
24.28
27.44
30.6
33.8
37.0
40.2
43.24
46.28
49.04
52.24
54.8
57.84
60.84
63.44
66.0
68.56
71.12
73.68
76.24
78.8
81.36
83.92
86.48
89.04
91.6
94.16
96.72
99.28
101.92
104.8
107.68
110.56
113.44
116.32
119.2
122.08
124.96
127.84
130.72
133.6
136.48
139.36
142.24
145.12
148.0
150.88
153.76
156.64
159.52
162.4
165.28
168.16
171.04
173.92
176.8
179.68
182.56
185.44
188.32
191.2
194.08
197.12
200.0
202.88
205.76
208.64
211.51999999999998
214.39999999999998
217.28
220.16
223.04
225.92
228.79999999999998
231.67999999999998
234.56
237.44
240.32
243.2
246.07999999999998
248.95999999999998
251.83999999999997
254.72
257.6
260.48
263.36
266.24
269.15999999999997
272.03999999999996
274.91999999999996
277.79999999999995
280.67999999999995
283.56
286.44
289.32
292.2
295.08
297.96
300.84
303.72
306.6
309.48
312.36
315.24
318.12
321.0
323.88
326.76
329.64
332.52
335.4
338.28
341.15999999999997
344.03999999999996
346.92
349.8
352.68
355.56
