59.84	60.52	64
60.52	61.16	67
61.16	62.5	72
62.5	63.14	69
63.14	63.76	72
63.76	64.4	69
64.4	65.03999999999999	64
65.03999999999999	66.32	65
66.32	66.96000000000001	69
66.96000000000001	67.6	72
67.6	68.24000000000001	71
68.24000000000001	69.52000000000001	71
69.52000000000001	70.16	72
70.16	70.48	71
70.48	70.80000000000001	72
70.80000000000001	72.08000000000001	76
72.08000000000001	72.72	76
72.72	73.36000000000001	72
73.36000000000001	74.63999999999999	69
74.32	74.96	65
74.96	75.6	69
75.6	76.24	74
76.24	76.88	72
77.52	78.8	67
78.8	79.44	67
79.44	80.08	64
80.08	80.72	67
80.72	81.36	72
81.36	82.64	71
82.64	83.28	67
83.28	83.92	64
83.92	84.56	69
84.56	84.88	72
84.88	85.2	69
85.2	86.48	65
86.48	87.12	67
87.12	87.76	71
87.76	89.04	74
89.04	89.68	72
89.68	90.32	69
90.32	90.96	74
90.96	91.6	71
91.6	92.88	67
93.19999999999999	93.84	64
93.84	94.47999999999999	67
94.47999999999999	96.4	72
158.44	159.16000000000003	64
159.16000000000003	159.88	67
159.88	161.32	72
162.04000000000002	162.76	69
162.76	163.48000000000002	72
163.48000000000002	164.2	69
164.2	165.28	65
165.28	166.0	69
166.0	166.72	72
166.72	167.44	71
167.44	167.8	67
167.8	168.16	69
168.16	169.6	71
169.95999999999998	170.68	72
170.68	171.04	71
171.04	171.39999999999998	72
171.39999999999998	172.48	76
173.56	174.27999999999997	65
174.27999999999997	175.0	69
175.0	175.72000000000003	74
175.72000000000003	176.44	72
176.44	177.88	71
177.88	178.60000000000002	67
178.60000000000002	179.32	64
179.32	180.04000000000002	67
180.04000000000002	180.76	72
180.76	181.84	71
181.84	182.56	67
182.56	183.28	69
183.28	183.64	72
183.64	184.0	69
184.0	185.44	65
185.8	186.51999999999998	71
186.51999999999998	187.95999999999998	74
187.95999999999998	188.68	72
188.68	189.39999999999998	69
189.39999999999998	190.12	65
190.12	190.83999999999997	74
190.83999999999997	191.56	71
191.56	192.64	67
193.0	193.72000000000003	64
193.72000000000003	194.44	67
194.44	195.24	71
195.24	197.48000000000002	72
259.76	260.48	64
260.48	261.2	64
261.2	261.91999999999996	67
261.91999999999996	263.36	72
263.36	264.08	69
264.08	264.79999999999995	72
265.15999999999997	265.88	71
266.59999999999997	267.32	69
267.32	268.06	72
268.06	268.8	71
268.8	269.15999999999997	71
269.15999999999997	269.52	71
269.52	270.6	71
270.6	271.32	72
271.68	272.4	76
272.4	273.12	72
273.12	274.2	69
274.2	274.91999999999996	65
274.91999999999996	275.64	69
275.64	276.71999999999997	71
276.71999999999997	277.79999999999995	67
277.79999999999995	278.52	67
278.52	279.24	64
279.24	279.96	67
279.96	280.67999999999995	72
280.67999999999995	281.76	71
281.76	282.47999999999996	67
282.47999999999996	283.2	64
283.2	283.92	69
283.92	284.64	71
284.64	285.72	74
285.72	286.44	72
286.44	287.15999999999997	69
287.15999999999997	287.88	65
287.88	288.6	69
288.6	289.32	74
289.32	290.03999999999996	71
290.4	291.12	64
291.12	291.84	67
291.84	292.56	72
292.56	293.28	71
293.28	295.44	72
299.4	300.12	79
300.12	301.56	84
301.56	301.92	88
301.92	302.28	88
