1.48	1.9	79
1.9	2.32	76
2.32	3.12	72
3.12	3.84	76
3.84	4.56	79
4.56	6.12	84
6.12	6.66	88
6.66	6.84	86
6.84	7.6	84
7.6	8.32	76
8.32	9.08	78
9.08	9.88	79
10.68	11.08	79
11.08	11.48	79
11.48	12.620000000000001	88
12.620000000000001	13.0	86
13.0	13.8	84
13.8	15.0	83
15.4	15.8	81
15.8	16.2	83
16.2	17.0	84
17.0	17.8	84
17.8	18.6	79
18.6	19.44	76
19.44	20.32	72
21.2	21.619999999999997	79
21.619999999999997	22.04	76
22.04	22.84	72
22.84	23.56	76
23.56	24.28	79
24.28	25.46	84
25.84	26.47	88
26.47	26.68	86
26.68	27.44	84
27.44	28.24	76
28.24	29.0	78
29.0	30.22	79
30.6	31.020000000000003	79
31.020000000000003	31.44	79
31.44	32.6	88
32.6	33.0	86
33.0	33.8	84
33.8	35.0	83
35.4	35.82	81
35.82	36.24	83
36.24	37.0	84
37.0	37.84	84
37.84	38.64	79
38.64	39.48	76
39.48	40.56	72
41.68	42.06	88
42.06	42.44	88
42.44	43.24	88
43.24	43.96	89
43.96	44.68	91
44.68	45.900000000000006	91
46.28	46.7	89
46.7	47.12	88
47.12	47.8	86
47.8	48.4	88
48.4	48.72	89
48.72	49.44	89
49.44	50.24	89
50.64	51.04	89
51.04	51.84	89
51.84	52.88	88
52.88	53.2	86
53.2	53.84	84
53.84	54.8	83
55.52	55.88	81
55.88	56.24	83
56.24	56.96	84
56.96	57.84	76
57.84	58.72	78
58.72	59.84	79
100.56	101.2	79
101.2	101.56	76
101.56	101.92	76
101.92	102.64	72
102.64	103.36	76
103.36	104.8	84
104.8	105.16	88
105.16	105.52	88
105.52	105.88	86
105.88	106.6	84
106.6	107.32	78
108.4	109.12	79
109.84	110.2	79
110.2	110.56	79
110.56	111.64	88
111.64	112.0	86
112.0	112.72	84
112.72	113.8	83
114.88	115.24	81
115.24	115.6	83
115.6	116.32	84
116.32	117.04	84
117.04	117.76	79
117.76	118.48	76
118.48	119.2	72
119.92	120.64	79
120.64	121.0	76
121.0	121.72	72
121.72	122.44	76
122.44	123.16	79
123.16	124.24	84
124.24	125.32	84
125.68	126.04	88
126.04	126.4	88
126.4	126.76	86
126.76	127.48	84
127.48	128.2	78
128.2	129.28	79
129.28	129.64	79
129.64	130.0	79
130.0	131.07999999999998	88
131.07999999999998	131.44	86
131.44	132.16	84
132.16	133.24	83
133.6	133.95999999999998	81
133.95999999999998	134.32	83
134.32	135.04	84
135.04	135.76	84
135.76	136.48	84
136.48	137.2	79
137.2	137.92	76
137.92	138.64	76
138.64	139.72000000000003	72
140.8	141.16000000000003	88
141.16000000000003	141.52	88
141.52	142.24	88
142.24	142.96	89
142.96	143.32	91
143.32	144.04000000000002	91
144.04000000000002	145.12	91
145.12	145.48000000000002	89
145.48000000000002	145.84	88
145.84	146.56	86
146.56	147.28	88
147.28	148.0	89
148.0	148.72	89
148.72	149.44	89
149.44	150.16	89
150.16	150.88	89
150.88	151.95999999999998	88
151.95999999999998	152.32	86
152.32	153.04	84
153.04	154.12	83
154.48	154.83999999999997	81
154.83999999999997	155.2	83
155.2	155.92	84
155.92	156.64	76
156.64	157.36	78
157.36	158.44	79
200.0	200.36	79
200.36	200.72	76
200.72	201.44	72
201.44	202.16	76
202.16	202.88	79
202.88	204.32	84
204.32	204.68	88
204.68	205.04	88
205.04	205.39999999999998	86
205.39999999999998	206.12	84
206.12	206.83999999999997	76
207.2	207.56	79
207.56	207.92	79
207.92	209.0	88
209.0	209.35999999999999	86
209.35999999999999	210.07999999999998	84
210.07999999999998	211.15999999999997	83
211.51999999999998	211.88	81
211.88	212.23999999999998	83
212.23999999999998	212.95999999999998	84
212.95999999999998	213.67999999999998	84
213.67999999999998	214.39999999999998	79
214.39999999999998	215.11999999999998	76
215.11999999999998	215.83999999999997	72
215.83999999999997	216.56	79
216.56	217.28	76
217.28	218.0	72
218.0	218.72	72
219.44	220.16	79
220.16	220.51999999999998	76
220.51999999999998	221.24	72
221.24	221.95999999999998	76
221.95999999999998	222.68	79
222.68	223.76	84
224.12	224.48	88
224.48	224.83999999999997	86
224.83999999999997	225.56	84
225.56	226.27999999999997	76
226.27999999999997	227.0	78
227.0	228.07999999999998	79
228.07999999999998	228.79999999999998	79
228.79999999999998	229.15999999999997	79
229.15999999999997	229.51999999999998	79
229.51999999999998	230.59999999999997	88
230.59999999999997	230.95999999999998	86
230.95999999999998	231.67999999999998	84
231.67999999999998	232.76	83
233.11999999999998	233.47999999999996	81
233.47999999999996	233.83999999999997	83
233.83999999999997	234.56	84
234.56	235.28	84
235.28	236.0	84
236.0	236.72	79
236.72	237.44	76
237.44	238.88	72
239.6	239.95999999999998	88
239.95999999999998	240.32	88
240.32	241.04	88
241.04	241.76	89
241.76	242.12	91
242.12	242.29999999999998	91
242.48	243.2	91
243.2	243.56	89
243.56	243.92	88
243.92	244.64	86
244.64	245.35999999999999	88
245.35999999999999	246.07999999999998	89
246.07999999999998	246.44	89
246.44	246.79999999999998	88
246.79999999999998	247.15999999999997	89
247.15999999999997	247.33999999999997	89
247.51999999999998	247.88	89
247.88	248.59999999999997	89
248.95999999999998	249.67999999999998	89
249.67999999999998	250.76	88
250.76	251.11999999999998	86
251.11999999999998	251.83999999999997	84
251.83999999999997	252.92000000000002	83
253.28	253.64	81
253.64	254.0	83
254.0	254.72	84
254.72	255.44	78
255.44	256.52	79
256.88	257.6	76
257.6	258.32	78
258.32	258.68	79
258.68	259.76	79
302.28	302.64	86
302.64	303.36	84
303.36	304.08	76
304.08	304.8	78
304.8	305.52	79
306.24	306.6	79
306.6	306.96	79
306.96	308.03999999999996	88
308.03999999999996	308.4	86
308.4	309.12	84
309.12	310.2	83
310.2	310.91999999999996	84
310.91999999999996	311.64	79
311.64	312.36	76
312.36	313.08	72
313.79999999999995	314.15999999999997	79
314.15999999999997	314.52	76
314.52	315.24	72
315.24	315.96	76
315.96	316.68	79
316.68	317.76	84
317.76	318.12	88
318.12	318.47999999999996	86
318.47999999999996	319.2	84
319.2	319.92	76
319.92	320.64	79
320.64	321.71999999999997	84
322.44	322.8	88
322.8	323.15999999999997	86
323.15999999999997	323.88	84
323.88	324.59999999999997	76
324.59999999999997	325.32	79
326.03999999999996	326.4	79
326.4	326.76	79
326.76	327.11999999999995	79
327.11999999999995	328.2	88
328.2	328.56	86
328.56	329.28000000000003	84
329.28000000000003	330.36	83
330.71999999999997	331.08	81
331.08	331.44	81
331.44	331.8	83
331.8	332.52	84
332.52	333.24	84
333.24	333.96	84
333.96	334.68	79
334.68	335.04	83
335.04	335.76	84
335.76	336.47999999999996	84
336.47999999999996	337.2	79
337.2	337.92	79
337.92	338.64	76
338.64	339.71999999999997	72
340.44	340.8	88
340.8	341.15999999999997	88
341.15999999999997	341.88	88
341.88	342.23999999999995	89
342.23999999999995	342.41999999999996	91
342.59999999999997	342.96	91
342.96	343.14	91
343.32	344.03999999999996	91
344.03999999999996	344.21999999999997	91
344.76	345.11999999999995	89
345.11999999999995	345.47999999999996	88
345.47999999999996	346.2	86
346.2	346.92	88
346.92	347.64	89
347.64	348.0	89
348.0	348.36	89
348.36	348.71999999999997	89
348.71999999999997	349.08	89
349.08	349.44	88
349.44	349.8	88
349.8	350.52	88
350.52	350.88	86
350.88	351.24	86
351.24	351.96	84
351.96	353.04	83
353.4	353.76	81
353.76	354.12	83
354.12	354.84	84
354.84	355.56	76
355.56	356.28	78
356.28	357.36	79
