1.48	1.9	79	0
1.9	2.32	76	0
2.32	3.12	72	0
3.12	3.84	76	0
3.84	4.56	79	0
4.56	6.12	84	0
6.12	6.66	88	0
6.66	6.84	86	0
6.84	7.6	84	0
7.6	8.32	76	0
8.32	9.08	78	0
9.08	9.88	79	0
10.68	11.08	79	0
11.08	11.48	79	0
11.48	12.620000000000001	88	0
12.620000000000001	13.0	86	0
13.0	13.8	84	0
13.8	15.0	83	0
15.4	15.8	81	0
15.8	16.2	83	0
16.2	17.0	84	0
17.0	17.8	84	0
17.8	18.6	79	0
18.6	19.44	76	0
19.44	20.32	72	0
21.2	21.619999999999997	79	0
21.619999999999997	22.04	76	0
22.04	22.84	72	0
22.84	23.56	76	0
23.56	24.28	79	0
24.28	25.46	84	0
25.84	26.47	88	0
26.47	26.68	86	0
26.68	27.44	84	0
27.44	28.24	76	0
28.24	29.0	78	0
29.0	30.22	79	0
30.6	31.020000000000003	79	0
31.020000000000003	31.44	79	0
31.44	32.6	88	0
32.6	33.0	86	0
33.0	33.8	84	0
33.8	35.0	83	0
35.4	35.82	81	0
35.82	36.24	83	0
36.24	37.0	84	0
37.0	37.84	84	0
37.84	38.64	79	0
38.64	39.48	76	0
39.48	40.56	72	0
41.68	42.06	88	0
42.06	42.44	88	0
42.44	43.24	88	0
43.24	43.96	89	0
43.96	44.68	91	0
44.68	45.900000000000006	91	0
46.28	46.7	89	0
46.7	47.12	88	0
47.12	47.8	86	0
47.8	48.4	88	0
48.4	48.72	89	0
48.72	49.44	89	0
49.44	50.24	89	0
50.64	51.04	89	0
51.04	51.84	89	0
51.84	52.88	88	0
52.88	53.2	86	0
53.2	53.84	84	0
53.84	54.8	83	0
55.52	55.88	81	0
55.88	56.24	83	0
56.24	56.96	84	0
56.96	57.84	76	0
57.84	58.72	78	0
58.72	59.84	79	0
59.84	60.52	64	1
60.52	61.16	67	1
61.16	62.5	72	1
62.5	63.14	69	1
63.14	63.76	72	1
63.76	64.4	69	1
64.4	65.03999999999999	64	1
65.03999999999999	66.32	65	1
66.32	66.96000000000001	69	1
66.96000000000001	67.6	72	1
67.6	68.24000000000001	71	1
68.24000000000001	69.52000000000001	71	1
69.52000000000001	70.16	72	1
70.16	70.48	71	1
70.48	70.80000000000001	72	1
70.80000000000001	72.08000000000001	76	1
72.08000000000001	72.72	76	1
72.72	73.36000000000001	72	1
73.36000000000001	74.63999999999999	69	1
74.32	74.96	65	1
74.96	75.6	69	1
75.6	76.24	74	1
76.24	76.88	72	1
77.52	78.8	67	1
78.8	79.44	67	1
79.44	80.08	64	1
80.08	80.72	67	1
80.72	81.36	72	1
81.36	82.64	71	1
82.64	83.28	67	1
83.28	83.92	64	1
83.92	84.56	69	1
84.56	84.88	72	1
84.88	85.2	69	1
85.2	86.48	65	1
86.48	87.12	67	1
87.12	87.76	71	1
87.76	89.04	74	1
89.04	89.68	72	1
89.68	90.32	69	1
90.32	90.96	74	1
90.96	91.6	71	1
91.6	92.88	67	1
93.19999999999999	93.84	64	1
93.84	94.47999999999999	67	1
94.47999999999999	96.4	72	1
100.56	101.2	79	0
101.2	101.56	76	0
101.56	101.92	76	0
101.92	102.64	72	0
102.64	103.36	76	0
103.36	104.8	84	0
104.8	105.16	88	0
105.16	105.52	88	0
105.52	105.88	86	0
105.88	106.6	84	0
106.6	107.32	78	0
108.4	109.12	79	0
109.84	110.2	79	0
110.2	110.56	79	0
110.56	111.64	88	0
111.64	112.0	86	0
112.0	112.72	84	0
112.72	113.8	83	0
114.88	115.24	81	0
115.24	115.6	83	0
115.6	116.32	84	0
116.32	117.04	84	0
117.04	117.76	79	0
117.76	118.48	76	0
118.48	119.2	72	0
119.92	120.64	79	0
120.64	121.0	76	0
121.0	121.72	72	0
121.72	122.44	76	0
122.44	123.16	79	0
123.16	124.24	84	0
124.24	125.32	84	0
125.68	126.04	88	0
126.04	126.4	88	0
126.4	126.76	86	0
126.76	127.48	84	0
127.48	128.2	78	0
128.2	129.28	79	0
129.28	129.64	79	0
129.64	130.0	79	0
130.0	131.07999999999998	88	0
131.07999999999998	131.44	86	0
131.44	132.16	84	0
132.16	133.24	83	0
133.6	133.95999999999998	81	0
133.95999999999998	134.32	83	0
134.32	135.04	84	0
135.04	135.76	84	0
135.76	136.48	84	0
136.48	137.2	79	0
137.2	137.92	76	0
137.92	138.64	76	0
138.64	139.72000000000003	72	0
140.8	141.16000000000003	88	0
141.16000000000003	141.52	88	0
141.52	142.24	88	0
142.24	142.96	89	0
142.96	143.32	91	0
143.32	144.04000000000002	91	0
144.04000000000002	145.12	91	0
145.12	145.48000000000002	89	0
145.48000000000002	145.84	88	0
145.84	146.56	86	0
146.56	147.28	88	0
147.28	148.0	89	0
148.0	148.72	89	0
148.72	149.44	89	0
149.44	150.16	89	0
150.16	150.88	89	0
150.88	151.95999999999998	88	0
151.95999999999998	152.32	86	0
152.32	153.04	84	0
153.04	154.12	83	0
154.48	154.83999999999997	81	0
154.83999999999997	155.2	83	0
155.2	155.92	84	0
155.92	156.64	76	0
156.64	157.36	78	0
157.36	158.44	79	0
158.44	159.16000000000003	64	1
159.16000000000003	159.88	67	1
159.88	161.32	72	1
162.04000000000002	162.76	69	1
162.76	163.48000000000002	72	1
163.48000000000002	164.2	69	1
164.2	165.28	65	1
165.28	166.0	69	1
166.0	166.72	72	1
166.72	167.44	71	1
167.44	167.8	67	1
167.8	168.16	69	1
168.16	169.6	71	1
169.95999999999998	170.68	72	1
170.68	171.04	71	1
171.04	171.39999999999998	72	1
171.39999999999998	172.48	76	1
173.56	174.27999999999997	65	1
174.27999999999997	175.0	69	1
175.0	175.72000000000003	74	1
175.72000000000003	176.44	72	1
176.44	177.88	71	1
177.88	178.60000000000002	67	1
178.60000000000002	179.32	64	1
179.32	180.04000000000002	67	1
180.04000000000002	180.76	72	1
180.76	181.84	71	1
181.84	182.56	67	1
182.56	183.28	69	1
183.28	183.64	72	1
183.64	184.0	69	1
184.0	185.44	65	1
185.8	186.51999999999998	71	1
186.51999999999998	187.95999999999998	74	1
187.95999999999998	188.68	72	1
188.68	189.39999999999998	69	1
189.39999999999998	190.12	65	1
190.12	190.83999999999997	74	1
190.83999999999997	191.56	71	1
191.56	192.64	67	1
193.0	193.72000000000003	64	1
193.72000000000003	194.44	67	1
194.44	195.24	71	1
195.24	197.48000000000002	72	1
200.0	200.36	79	0
200.36	200.72	76	0
200.72	201.44	72	0
201.44	202.16	76	0
202.16	202.88	79	0
202.88	204.32	84	0
204.32	204.68	88	0
204.68	205.04	88	0
205.04	205.39999999999998	86	0
205.39999999999998	206.12	84	0
206.12	206.83999999999997	76	0
207.2	207.56	79	0
207.56	207.92	79	0
207.92	209.0	88	0
209.0	209.35999999999999	86	0
209.35999999999999	210.07999999999998	84	0
210.07999999999998	211.15999999999997	83	0
211.51999999999998	211.88	81	0
211.88	212.23999999999998	83	0
212.23999999999998	212.95999999999998	84	0
212.95999999999998	213.67999999999998	84	0
213.67999999999998	214.39999999999998	79	0
214.39999999999998	215.11999999999998	76	0
215.11999999999998	215.83999999999997	72	0
215.83999999999997	216.56	79	0
216.56	217.28	76	0
217.28	218.0	72	0
218.0	218.72	72	0
219.44	220.16	79	0
220.16	220.51999999999998	76	0
220.51999999999998	221.24	72	0
221.24	221.95999999999998	76	0
221.95999999999998	222.68	79	0
222.68	223.76	84	0
224.12	224.48	88	0
224.48	224.83999999999997	86	0
224.83999999999997	225.56	84	0
225.56	226.27999999999997	76	0
226.27999999999997	227.0	78	0
227.0	228.07999999999998	79	0
228.07999999999998	228.79999999999998	79	0
228.79999999999998	229.15999999999997	79	0
229.15999999999997	229.51999999999998	79	0
229.51999999999998	230.59999999999997	88	0
230.59999999999997	230.95999999999998	86	0
230.95999999999998	231.67999999999998	84	0
231.67999999999998	232.76	83	0
233.11999999999998	233.47999999999996	81	0
233.47999999999996	233.83999999999997	83	0
233.83999999999997	234.56	84	0
234.56	235.28	84	0
235.28	236.0	84	0
236.0	236.72	79	0
236.72	237.44	76	0
237.44	238.88	72	0
239.6	239.95999999999998	88	0
239.95999999999998	240.32	88	0
240.32	241.04	88	0
241.04	241.76	89	0
241.76	242.12	91	0
242.12	242.29999999999998	91	0
242.48	243.2	91	0
243.2	243.56	89	0
243.56	243.92	88	0
243.92	244.64	86	0
244.64	245.35999999999999	88	0
245.35999999999999	246.07999999999998	89	0
246.07999999999998	246.44	89	0
246.44	246.79999999999998	88	0
246.79999999999998	247.15999999999997	89	0
247.15999999999997	247.33999999999997	89	0
247.51999999999998	247.88	89	0
247.88	248.59999999999997	89	0
248.95999999999998	249.67999999999998	89	0
249.67999999999998	250.76	88	0
250.76	251.11999999999998	86	0
251.11999999999998	251.83999999999997	84	0
251.83999999999997	252.92000000000002	83	0
253.28	253.64	81	0
253.64	254.0	83	0
254.0	254.72	84	0
254.72	255.44	78	0
255.44	256.52	79	0
256.88	257.6	76	0
257.6	258.32	78	0
258.32	258.68	79	0
258.68	259.76	79	0
259.76	260.48	64	1
260.48	261.2	64	1
261.2	261.91999999999996	67	1
261.91999999999996	263.36	72	1
263.36	264.08	69	1
264.08	264.79999999999995	72	1
265.15999999999997	265.88	71	1
266.59999999999997	267.32	69	1
267.32	268.06	72	1
268.06	268.8	71	1
268.8	269.15999999999997	71	1
269.15999999999997	269.52	71	1
269.52	270.6	71	1
270.6	271.32	72	1
271.68	272.4	76	1
272.4	273.12	72	1
273.12	274.2	69	1
274.2	274.91999999999996	65	1
274.91999999999996	275.64	69	1
275.64	276.71999999999997	71	1
276.71999999999997	277.79999999999995	67	1
277.79999999999995	278.52	67	1
278.52	279.24	64	1
279.24	279.96	67	1
279.96	280.67999999999995	72	1
280.67999999999995	281.76	71	1
281.76	282.47999999999996	67	1
282.47999999999996	283.2	64	1
283.2	283.92	69	1
283.92	284.64	71	1
284.64	285.72	74	1
285.72	286.44	72	1
286.44	287.15999999999997	69	1
287.15999999999997	287.88	65	1
287.88	288.6	69	1
288.6	289.32	74	1
289.32	290.03999999999996	71	1
290.4	291.12	64	1
291.12	291.84	67	1
291.84	292.56	72	1
292.56	293.28	71	1
293.28	295.44	72	1
299.4	300.12	79	1
300.12	301.56	84	1
301.56	301.92	88	1
301.92	302.28	88	1
302.28	302.64	86	0
302.64	303.36	84	0
303.36	304.08	76	0
304.08	304.8	78	0
304.8	305.52	79	0
306.24	306.6	79	0
306.6	306.96	79	0
306.96	308.03999999999996	88	0
308.03999999999996	308.4	86	0
308.4	309.12	84	0
309.12	310.2	83	0
310.2	310.91999999999996	84	0
310.91999999999996	311.64	79	0
311.64	312.36	76	0
312.36	313.08	72	0
313.79999999999995	314.15999999999997	79	0
314.15999999999997	314.52	76	0
314.52	315.24	72	0
315.24	315.96	76	0
315.96	316.68	79	0
316.68	317.76	84	0
317.76	318.12	88	0
318.12	318.47999999999996	86	0
318.47999999999996	319.2	84	0
319.2	319.92	76	0
319.92	320.64	79	0
320.64	321.71999999999997	84	0
322.44	322.8	88	0
322.8	323.15999999999997	86	0
323.15999999999997	323.88	84	0
323.88	324.59999999999997	76	0
324.59999999999997	325.32	79	0
326.03999999999996	326.4	79	0
326.4	326.76	79	0
326.76	327.11999999999995	79	0
327.11999999999995	328.2	88	0
328.2	328.56	86	0
328.56	329.28000000000003	84	0
329.28000000000003	330.36	83	0
330.71999999999997	331.08	81	0
331.08	331.44	81	0
331.44	331.8	83	0
331.8	332.52	84	0
332.52	333.24	84	0
333.24	333.96	84	0
333.96	334.68	79	0
334.68	335.04	83	0
335.04	335.76	84	0
335.76	336.47999999999996	84	0
336.47999999999996	337.2	79	0
337.2	337.92	79	0
337.92	338.64	76	0
338.64	339.71999999999997	72	0
340.44	340.8	88	0
340.8	341.15999999999997	88	0
341.15999999999997	341.88	88	0
341.88	342.23999999999995	89	0
342.23999999999995	342.41999999999996	91	0
342.59999999999997	342.96	91	0
342.96	343.14	91	0
343.32	344.03999999999996	91	0
344.03999999999996	344.21999999999997	91	0
344.76	345.11999999999995	89	0
345.11999999999995	345.47999999999996	88	0
345.47999999999996	346.2	86	0
346.2	346.92	88	0
346.92	347.64	89	0
347.64	348.0	89	0
348.0	348.36	89	0
348.36	348.71999999999997	89	0
348.71999999999997	349.08	89	0
349.08	349.44	88	0
349.44	349.8	88	0
349.8	350.52	88	0
350.52	350.88	86	0
350.88	351.24	86	0
351.24	351.96	84	0
351.96	353.04	83	0
353.4	353.76	81	0
353.76	354.12	83	0
354.12	354.84	84	0
354.84	355.56	76	0
355.56	356.28	78	0
356.28	357.36	79	0
