0.0	1	4	4
0.59	2	4	4
1.19	3	4	4
1.79	4	4	4
2.39	1	4	4
2.99	2	4	4
3.59	3	4	4
4.19	4	4	4
4.79	1	4	4
5.39	2	4	4
5.99	3	4	4
6.59	4	4	4
7.19	1	4	4
7.79	2	4	4
8.39	3	4	4
8.99	4	4	4
9.59	1	4	4
10.19	2	4	4
10.79	3	4	4
11.43	4	4	4
12.03	1	4	4
12.59	2	4	4
13.19	3	4	4
13.79	4	4	4
14.39	1	4	4
14.99	2	4	4
15.59	3	4	4
16.23	4	4	4
16.83	1	4	4
17.39	2	4	4
17.99	3	4	4
18.63	4	4	4
19.23	1	4	4
19.83	2	4	4
20.39	3	4	4
20.99	4	4	4
21.63	1	4	4
22.23	2	4	4
22.83	3	4	4
23.43	4	4	4
24.07	1	4	4
24.63	2	4	4
25.19	3	4	4
25.79	4	4	4
26.43	1	4	4
26.99	2	4	4
27.63	3	4	4
28.23	4	4	4
28.87	1	4	4
29.43	2	4	4
29.99	3	4	4
30.59	4	4	4
31.23	1	4	4
31.83	2	4	4
32.43	3	4	4
33.03	4	4	4
33.63	1	4	4
34.15	2	4	4
34.79	3	4	4
35.39	4	4	4
36.03	1	4	4
36.59	2	4	4
37.23	3	4	4
37.83	4	4	4
38.47	1	4	4
39.07	2	4	4
