0.0	0.59	64	1
0.59	1.19	67	1
1.19	2.39	72	1
2.39	2.99	69	1
2.99	3.59	72	1
3.59	4.19	69	1
4.19	4.79	64	1
4.79	5.99	65	1
5.99	6.59	69	1
6.59	7.19	72	1
7.19	7.79	71	1
7.79	8.09	67	1
8.09	8.39	69	1
8.39	9.59	71	1
9.59	10.19	72	1
10.19	10.489999999999998	71	1
10.489999999999998	10.79	72	1
10.79	12.03	76	1
12.03	12.59	76	1
12.59	13.19	72	1
13.19	14.39	69	1
14.39	14.99	65	1
14.99	15.59	69	1
15.59	16.23	74	1
16.23	16.83	72	1
16.83	17.99	71	1
17.99	19.23	67	1
19.23	19.83	67	1
19.83	20.39	64	1
20.39	20.99	67	1
20.99	21.63	72	1
21.63	22.83	71	1
22.83	23.43	67	1
23.43	24.07	64	1
24.07	24.63	69	1
24.63	24.91	72	1
24.91	25.19	69	1
25.19	26.43	65	1
26.43	26.99	67	1
26.99	27.63	71	1
27.63	28.87	74	1
28.87	29.43	72	1
29.43	29.99	69	1
29.99	30.59	65	1
30.59	31.23	69	1
31.23	31.83	74	1
31.83	32.43	71	1
32.43	33.63	67	1
33.63	34.15	64	1
34.15	34.79	67	1
34.79	35.39	72	1
35.39	36.03	71	1
36.03	38.47	72	1
38.47	39.07	67	1
