0.0	0.59	64
0.59	1.19	67
1.19	2.39	72
2.39	2.99	69
2.99	3.59	72
3.59	4.19	69
4.19	4.79	64
4.79	5.99	65
5.99	6.59	69
6.59	7.19	72
7.19	7.79	71
7.79	8.09	67
8.09	8.39	69
8.39	9.59	71
9.59	10.19	72
10.19	10.489999999999998	71
10.489999999999998	10.79	72
10.79	12.03	76
12.03	12.59	76
12.59	13.19	72
13.19	14.39	69
14.39	14.99	65
14.99	15.59	69
15.59	16.23	74
16.23	16.83	72
16.83	17.99	71
17.99	19.23	67
19.23	19.83	67
19.83	20.39	64
20.39	20.99	67
20.99	21.63	72
21.63	22.83	71
22.83	23.43	67
23.43	24.07	64
24.07	24.63	69
24.63	24.91	72
24.91	25.19	69
25.19	26.43	65
26.43	26.99	67
26.99	27.63	71
27.63	28.87	74
28.87	29.43	72
29.43	29.99	69
29.99	30.59	65
30.59	31.23	69
31.23	31.83	74
31.83	32.43	71
32.43	33.63	67
33.63	34.15	64
34.15	34.79	67
34.79	35.39	72
35.39	36.03	71
36.03	38.47	72
38.47	39.07	67
